(0, 352) is (-0.606509, 0.211001)
(0, 479) is (-0.606509, 0.451334)
(639, 479) is (0.602725, 0.451334)
(639, 368) is (0.602725, 0.241279)
(627, 368) is (0.580016, 0.241279)
(626, 367) is (0.578124, 0.239387)
(587, 367) is (0.504321, 0.239387)
(586, 366) is (0.502428, 0.237494)
(546, 366) is (0.426733, 0.237494)
(545, 365) is (0.42484, 0.235602)
(505, 365) is (0.349145, 0.235602)
(504, 364) is (0.347253, 0.23371)
(465, 364) is (0.27345, 0.23371)
(464, 363) is (0.271557, 0.231817)
(424, 363) is (0.195862, 0.231817)
(423, 362) is (0.193969, 0.229925)
(383, 362) is (0.118274, 0.229925)
(382, 361) is (0.116382, 0.228032)
(343, 361) is (0.0425787, 0.228032)
(342, 360) is (0.0406863, 0.22614)
(302, 360) is (-0.0350091, 0.22614)
(301, 359) is (-0.0369015, 0.224248)
(261, 359) is (-0.112597, 0.224248)
(260, 358) is (-0.114489, 0.222355)
(220, 358) is (-0.190185, 0.222355)
(219, 357) is (-0.192077, 0.220463)
(180, 357) is (-0.26588, 0.220463)
(179, 356) is (-0.267772, 0.21857)
(139, 356) is (-0.343468, 0.21857)
(138, 355) is (-0.34536, 0.216678)
(98, 355) is (-0.421056, 0.216678)
(97, 354) is (-0.422948, 0.214786)
(58, 354) is (-0.496751, 0.214786)
(57, 353) is (-0.498643, 0.212893)
(17, 353) is (-0.574339, 0.212893)
(16, 352) is (-0.576231, 0.211001)
(0, 259) is (-0.606509, 0.0350091)
(0, 338) is (-0.606509, 0.184508)
(10, 338) is (-0.587585, 0.184508)
(11, 339) is (-0.585693, 0.1864)
(53, 339) is (-0.506213, 0.1864)
(54, 340) is (-0.504321, 0.188292)
(97, 340) is (-0.422948, 0.188292)
(98, 341) is (-0.421056, 0.190185)
(140, 341) is (-0.341575, 0.190185)
(141, 342) is (-0.339683, 0.192077)
(184, 342) is (-0.258311, 0.192077)
(185, 343) is (-0.256418, 0.193969)
(227, 343) is (-0.176938, 0.193969)
(228, 344) is (-0.175046, 0.195862)
(271, 344) is (-0.093673, 0.195862)
(272, 345) is (-0.0917807, 0.197754)
(314, 345) is (-0.0123005, 0.197754)
(315, 346) is (-0.0104081, 0.199647)
(358, 346) is (0.0709644, 0.199647)
(359, 347) is (0.0728568, 0.201539)
(401, 347) is (0.152337, 0.201539)
(402, 348) is (0.154229, 0.203431)
(445, 348) is (0.235602, 0.203431)
(446, 349) is (0.237494, 0.205324)
(488, 349) is (0.316974, 0.205324)
(489, 350) is (0.318867, 0.207216)
(531, 350) is (0.398347, 0.207216)
(532, 351) is (0.400239, 0.209109)
(575, 351) is (0.481612, 0.209109)
(576, 352) is (0.483504, 0.211001)
(618, 352) is (0.562984, 0.211001)
(619, 353) is (0.564877, 0.212893)
(639, 353) is (0.602725, 0.212893)
(639, 268) is (0.602725, 0.0520406)
(631, 268) is (0.587585, 0.0520406)
(630, 267) is (0.585693, 0.0501482)
(558, 267) is (0.449441, 0.0501482)
(557, 266) is (0.447549, 0.0482558)
(484, 266) is (0.309405, 0.0482558)
(483, 265) is (0.307513, 0.0463634)
(411, 265) is (0.171261, 0.0463634)
(410, 264) is (0.169368, 0.044471)
(337, 264) is (0.0312243, 0.044471)
(336, 263) is (0.029332, 0.0425787)
(263, 263) is (-0.108812, 0.0425787)
(262, 262) is (-0.110705, 0.0406863)
(190, 262) is (-0.246956, 0.0406863)
(189, 261) is (-0.248849, 0.0387939)
(116, 261) is (-0.386993, 0.0387939)
(115, 260) is (-0.388885, 0.0369015)
(43, 260) is (-0.525137, 0.0369015)
(42, 259) is (-0.527029, 0.0350091)
(0, 354) is (-0.606509, 0.214786)
(0, 479) is (-0.606509, 0.451334)
(639, 479) is (0.602725, 0.451334)
(639, 370) is (0.602725, 0.245064)
(614, 370) is (0.555415, 0.245064)
(613, 369) is (0.553523, 0.243171)
(574, 369) is (0.47972, 0.243171)
(573, 368) is (0.477827, 0.241279)
(533, 368) is (0.402132, 0.241279)
(532, 367) is (0.400239, 0.239387)
(492, 367) is (0.324544, 0.239387)
(491, 366) is (0.322652, 0.237494)
(451, 366) is (0.246956, 0.237494)
(450, 365) is (0.245064, 0.235602)
(410, 365) is (0.169368, 0.235602)
(409, 364) is (0.167476, 0.23371)
(369, 364) is (0.0917807, 0.23371)
(368, 363) is (0.0898883, 0.231817)
(328, 363) is (0.0141929, 0.231817)
(327, 362) is (0.0123005, 0.229925)
(287, 362) is (-0.0633949, 0.229925)
(286, 361) is (-0.0652873, 0.228032)
(246, 361) is (-0.140983, 0.228032)
(245, 360) is (-0.142875, 0.22614)
(205, 360) is (-0.21857, 0.22614)
(204, 359) is (-0.220463, 0.224248)
(164, 359) is (-0.296158, 0.224248)
(163, 358) is (-0.298051, 0.222355)
(123, 358) is (-0.373746, 0.222355)
(122, 357) is (-0.375638, 0.220463)
(82, 357) is (-0.451334, 0.220463)
(81, 356) is (-0.453226, 0.21857)
(41, 356) is (-0.528922, 0.21857)
(40, 355) is (-0.530814, 0.216678)
(1, 355) is (-0.604617, 0.216678)
(0, 260) is (-0.606509, 0.0369015)
(0, 340) is (-0.606509, 0.188292)
(5, 340) is (-0.597047, 0.188292)
(6, 341) is (-0.595155, 0.190185)
(48, 341) is (-0.515675, 0.190185)
(49, 342) is (-0.513782, 0.192077)
(92, 342) is (-0.43241, 0.192077)
(93, 343) is (-0.430518, 0.193969)
(136, 343) is (-0.349145, 0.193969)
(137, 344) is (-0.347253, 0.195862)
(180, 344) is (-0.26588, 0.195862)
(181, 345) is (-0.263988, 0.197754)
(223, 345) is (-0.184508, 0.197754)
(224, 346) is (-0.182615, 0.199647)
(267, 346) is (-0.101243, 0.199647)
(268, 347) is (-0.0993502, 0.201539)
(311, 347) is (-0.0179777, 0.201539)
(312, 348) is (-0.0160853, 0.203431)
(355, 348) is (0.0652873, 0.203431)
(356, 349) is (0.0671797, 0.205324)
(398, 349) is (0.14666, 0.205324)
(399, 350) is (0.148552, 0.207216)
(442, 350) is (0.229925, 0.207216)
(443, 351) is (0.231817, 0.209109)
(486, 351) is (0.31319, 0.209109)
(487, 352) is (0.315082, 0.211001)
(530, 352) is (0.396455, 0.211001)
(531, 353) is (0.398347, 0.212893)
(573, 353) is (0.477827, 0.212893)
(574, 354) is (0.47972, 0.214786)
(617, 354) is (0.561092, 0.214786)
(618, 355) is (0.562984, 0.216678)
(639, 355) is (0.602725, 0.216678)
(639, 268) is (0.602725, 0.0520406)
(583, 268) is (0.496751, 0.0520406)
(582, 267) is (0.494859, 0.0501482)
(508, 267) is (0.354822, 0.0501482)
(507, 266) is (0.35293, 0.0482558)
(434, 266) is (0.214786, 0.0482558)
(433, 265) is (0.212893, 0.0463634)
(360, 265) is (0.0747492, 0.0463634)
(359, 264) is (0.0728568, 0.044471)
(285, 264) is (-0.0671797, 0.044471)
(284, 263) is (-0.069072, 0.0425787)
(211, 263) is (-0.207216, 0.0425787)
(210, 262) is (-0.209109, 0.0406863)
(137, 262) is (-0.347253, 0.0406863)
(136, 261) is (-0.349145, 0.0387939)
(62, 261) is (-0.489181, 0.0387939)
(61, 260) is (-0.491074, 0.0369015)
(0, 357) is (-0.606509, 0.220463)
(0, 479) is (-0.606509, 0.451334)
(639, 479) is (0.602725, 0.451334)
(639, 372) is (0.602725, 0.248849)
(620, 372) is (0.566769, 0.248849)
(619, 371) is (0.564877, 0.246956)
(578, 371) is (0.487289, 0.246956)
(577, 370) is (0.485397, 0.245064)
(537, 370) is (0.409701, 0.245064)
(536, 369) is (0.407809, 0.243171)
(496, 369) is (0.332114, 0.243171)
(495, 368) is (0.330221, 0.241279)
(454, 368) is (0.252633, 0.241279)
(453, 367) is (0.250741, 0.239387)
(413, 367) is (0.175046, 0.239387)
(412, 366) is (0.173153, 0.237494)
(372, 366) is (0.0974578, 0.237494)
(371, 365) is (0.0955654, 0.235602)
(330, 365) is (0.0179777, 0.235602)
(329, 364) is (0.0160853, 0.23371)
(289, 364) is (-0.0596101, 0.23371)
(288, 363) is (-0.0615025, 0.231817)
(248, 363) is (-0.137198, 0.231817)
(247, 362) is (-0.13909, 0.229925)
(206, 362) is (-0.216678, 0.229925)
(205, 361) is (-0.21857, 0.228032)
(165, 361) is (-0.294266, 0.228032)
(164, 360) is (-0.296158, 0.22614)
(124, 360) is (-0.371854, 0.22614)
(123, 359) is (-0.373746, 0.224248)
(82, 359) is (-0.451334, 0.224248)
(81, 358) is (-0.453226, 0.222355)
(41, 358) is (-0.528922, 0.222355)
(40, 357) is (-0.530814, 0.220463)
(0, 260) is (-0.606509, 0.0369015)
(0, 342) is (-0.606509, 0.192077)
(14, 342) is (-0.580016, 0.192077)
(15, 343) is (-0.578124, 0.193969)
(58, 343) is (-0.496751, 0.193969)
(59, 344) is (-0.494859, 0.195862)
(102, 344) is (-0.413486, 0.195862)
(103, 345) is (-0.411594, 0.197754)
(146, 345) is (-0.330221, 0.197754)
(147, 346) is (-0.328329, 0.199647)
(190, 346) is (-0.246956, 0.199647)
(191, 347) is (-0.245064, 0.201539)
(235, 347) is (-0.161799, 0.201539)
(236, 348) is (-0.159907, 0.203431)
(279, 348) is (-0.078534, 0.203431)
(280, 349) is (-0.0766416, 0.205324)
(323, 349) is (0.00473096, 0.205324)
(324, 350) is (0.00662335, 0.207216)
(367, 350) is (0.0879959, 0.207216)
(368, 351) is (0.0898883, 0.209109)
(411, 351) is (0.171261, 0.209109)
(412, 352) is (0.173153, 0.211001)
(456, 352) is (0.256418, 0.211001)
(457, 353) is (0.258311, 0.212893)
(500, 353) is (0.339683, 0.212893)
(501, 354) is (0.341575, 0.214786)
(544, 354) is (0.422948, 0.214786)
(545, 355) is (0.42484, 0.216678)
(588, 355) is (0.506213, 0.216678)
(589, 356) is (0.508105, 0.21857)
(632, 356) is (0.589478, 0.21857)
(633, 357) is (0.59137, 0.220463)
(639, 357) is (0.602725, 0.220463)
(639, 269) is (0.602725, 0.053933)
(615, 269) is (0.557307, 0.053933)
(614, 268) is (0.555415, 0.0520406)
(540, 268) is (0.415378, 0.0520406)
(539, 267) is (0.413486, 0.0501482)
(465, 267) is (0.27345, 0.0501482)
(464, 266) is (0.271557, 0.0482558)
(389, 266) is (0.129628, 0.0482558)
(388, 265) is (0.127736, 0.0463634)
(314, 265) is (-0.0123005, 0.0463634)
(313, 264) is (-0.0141929, 0.044471)
(238, 264) is (-0.156122, 0.044471)
(237, 263) is (-0.158014, 0.0425787)
(163, 263) is (-0.298051, 0.0425787)
(162, 262) is (-0.299943, 0.0406863)
(88, 262) is (-0.439979, 0.0406863)
(87, 261) is (-0.441872, 0.0387939)
(12, 261) is (-0.583801, 0.0387939)
(11, 260) is (-0.585693, 0.0369015)
(0, 357) is (-0.606509, 0.220463)
(0, 479) is (-0.606509, 0.451334)
(639, 479) is (0.602725, 0.451334)
(639, 372) is (0.602725, 0.248849)
(617, 372) is (0.561092, 0.248849)
(616, 371) is (0.5592, 0.246956)
(575, 371) is (0.481612, 0.246956)
(574, 370) is (0.47972, 0.245064)
(534, 370) is (0.404024, 0.245064)
(533, 369) is (0.402132, 0.243171)
(493, 369) is (0.326436, 0.243171)
(492, 368) is (0.324544, 0.241279)
(452, 368) is (0.248849, 0.241279)
(451, 367) is (0.246956, 0.239387)
(411, 367) is (0.171261, 0.239387)
(410, 366) is (0.169368, 0.237494)
(370, 366) is (0.093673, 0.237494)
(369, 365) is (0.0917807, 0.235602)
(328, 365) is (0.0141929, 0.235602)
(327, 364) is (0.0123005, 0.23371)
(287, 364) is (-0.0633949, 0.23371)
(286, 363) is (-0.0652873, 0.231817)
(246, 363) is (-0.140983, 0.231817)
(245, 362) is (-0.142875, 0.229925)
(205, 362) is (-0.21857, 0.229925)
(204, 361) is (-0.220463, 0.228032)
(164, 361) is (-0.296158, 0.228032)
(163, 360) is (-0.298051, 0.22614)
(123, 360) is (-0.373746, 0.22614)
(122, 359) is (-0.375638, 0.224248)
(82, 359) is (-0.451334, 0.224248)
(81, 358) is (-0.453226, 0.222355)
(40, 358) is (-0.530814, 0.222355)
(39, 357) is (-0.532706, 0.220463)
(0, 260) is (-0.606509, 0.0369015)
(0, 342) is (-0.606509, 0.192077)
(13, 342) is (-0.581908, 0.192077)
(14, 343) is (-0.580016, 0.193969)
(57, 343) is (-0.498643, 0.193969)
(58, 344) is (-0.496751, 0.195862)
(102, 344) is (-0.413486, 0.195862)
(103, 345) is (-0.411594, 0.197754)
(146, 345) is (-0.330221, 0.197754)
(147, 346) is (-0.328329, 0.199647)
(190, 346) is (-0.246956, 0.199647)
(191, 347) is (-0.245064, 0.201539)
(234, 347) is (-0.163691, 0.201539)
(235, 348) is (-0.161799, 0.203431)
(278, 348) is (-0.0804264, 0.203431)
(279, 349) is (-0.078534, 0.205324)
(322, 349) is (0.00283858, 0.205324)
(323, 350) is (0.00473096, 0.207216)
(366, 350) is (0.0861035, 0.207216)
(367, 351) is (0.0879959, 0.209109)
(410, 351) is (0.169368, 0.209109)
(411, 352) is (0.171261, 0.211001)
(454, 352) is (0.252633, 0.211001)
(455, 353) is (0.254526, 0.212893)
(498, 353) is (0.335898, 0.212893)
(499, 354) is (0.337791, 0.214786)
(542, 354) is (0.419163, 0.214786)
(543, 355) is (0.421056, 0.216678)
(586, 355) is (0.502428, 0.216678)
(587, 356) is (0.504321, 0.21857)
(630, 356) is (0.585693, 0.21857)
(631, 357) is (0.587585, 0.220463)
(639, 357) is (0.602725, 0.220463)
(639, 269) is (0.602725, 0.053933)
(613, 269) is (0.553523, 0.053933)
(612, 268) is (0.55163, 0.0520406)
(538, 268) is (0.411594, 0.0520406)
(537, 267) is (0.409701, 0.0501482)
(463, 267) is (0.269665, 0.0501482)
(462, 266) is (0.267772, 0.0482558)
(388, 266) is (0.127736, 0.0482558)
(387, 265) is (0.125844, 0.0463634)
(313, 265) is (-0.0141929, 0.0463634)
(312, 264) is (-0.0160853, 0.044471)
(238, 264) is (-0.156122, 0.044471)
(237, 263) is (-0.158014, 0.0425787)
(163, 263) is (-0.298051, 0.0425787)
(162, 262) is (-0.299943, 0.0406863)
(88, 262) is (-0.439979, 0.0406863)
(87, 261) is (-0.441872, 0.0387939)
(13, 261) is (-0.581908, 0.0387939)
(12, 260) is (-0.583801, 0.0369015)
(0, 357) is (-0.606509, 0.220463)
(0, 479) is (-0.606509, 0.451334)
(639, 479) is (0.602725, 0.451334)
(639, 372) is (0.602725, 0.248849)
(614, 372) is (0.555415, 0.248849)
(613, 371) is (0.553523, 0.246956)
(573, 371) is (0.477827, 0.246956)
(572, 370) is (0.475935, 0.245064)
(532, 370) is (0.400239, 0.245064)
(531, 369) is (0.398347, 0.243171)
(491, 369) is (0.322652, 0.243171)
(490, 368) is (0.320759, 0.241279)
(450, 368) is (0.245064, 0.241279)
(449, 367) is (0.243171, 0.239387)
(409, 367) is (0.167476, 0.239387)
(408, 366) is (0.165584, 0.237494)
(368, 366) is (0.0898883, 0.237494)
(367, 365) is (0.0879959, 0.235602)
(327, 365) is (0.0123005, 0.235602)
(326, 364) is (0.0104081, 0.23371)
(286, 364) is (-0.0652873, 0.23371)
(285, 363) is (-0.0671797, 0.231817)
(245, 363) is (-0.142875, 0.231817)
(244, 362) is (-0.144767, 0.229925)
(204, 362) is (-0.220463, 0.229925)
(203, 361) is (-0.222355, 0.228032)
(163, 361) is (-0.298051, 0.228032)
(162, 360) is (-0.299943, 0.22614)
(122, 360) is (-0.375638, 0.22614)
(121, 359) is (-0.377531, 0.224248)
(81, 359) is (-0.453226, 0.224248)
(80, 358) is (-0.455119, 0.222355)
(40, 358) is (-0.530814, 0.222355)
(39, 357) is (-0.532706, 0.220463)
(0, 260) is (-0.606509, 0.0369015)
(0, 342) is (-0.606509, 0.192077)
(14, 342) is (-0.580016, 0.192077)
(15, 343) is (-0.578124, 0.193969)
(57, 343) is (-0.498643, 0.193969)
(58, 344) is (-0.496751, 0.195862)
(101, 344) is (-0.415378, 0.195862)
(102, 345) is (-0.413486, 0.197754)
(145, 345) is (-0.332114, 0.197754)
(146, 346) is (-0.330221, 0.199647)
(189, 346) is (-0.248849, 0.199647)
(190, 347) is (-0.246956, 0.201539)
(233, 347) is (-0.165584, 0.201539)
(234, 348) is (-0.163691, 0.203431)
(276, 348) is (-0.0842111, 0.203431)
(277, 349) is (-0.0823187, 0.205324)
(320, 349) is (-0.000946192, 0.205324)
(321, 350) is (0.000946192, 0.207216)
(364, 350) is (0.0823187, 0.207216)
(365, 351) is (0.0842111, 0.209109)
(408, 351) is (0.165584, 0.209109)
(409, 352) is (0.167476, 0.211001)
(452, 352) is (0.248849, 0.211001)
(453, 353) is (0.250741, 0.212893)
(495, 353) is (0.330221, 0.212893)
(496, 354) is (0.332114, 0.214786)
(539, 354) is (0.413486, 0.214786)
(540, 355) is (0.415378, 0.216678)
(583, 355) is (0.496751, 0.216678)
(584, 356) is (0.498643, 0.21857)
(627, 356) is (0.580016, 0.21857)
(628, 357) is (0.581908, 0.220463)
(639, 357) is (0.602725, 0.220463)
(639, 269) is (0.602725, 0.053933)
(611, 269) is (0.549738, 0.053933)
(610, 268) is (0.547845, 0.0520406)
(536, 268) is (0.407809, 0.0520406)
(535, 267) is (0.405917, 0.0501482)
(462, 267) is (0.267772, 0.0501482)
(461, 266) is (0.26588, 0.0482558)
(387, 266) is (0.125844, 0.0482558)
(386, 265) is (0.123951, 0.0463634)
(312, 265) is (-0.0160853, 0.0463634)
(311, 264) is (-0.0179777, 0.044471)
(238, 264) is (-0.156122, 0.044471)
(237, 263) is (-0.158014, 0.0425787)
(163, 263) is (-0.298051, 0.0425787)
(162, 262) is (-0.299943, 0.0406863)
(88, 262) is (-0.439979, 0.0406863)
(87, 261) is (-0.441872, 0.0387939)
(14, 261) is (-0.580016, 0.0387939)
(13, 260) is (-0.581908, 0.0369015)
(0, 357) is (-0.606509, 0.220463)
